10
5
13101
10101
10101
10101
10021
5
10031
10111
10101
10101
12001
5
00013
01110
21000
01111
00000
10
1111111111
0000010001
1101110111
0020000001
1101010101
0001010101
0101111101
0100013101
0111010101
0100010001
10
1000000003
1111111111
1000100000
1110101111
1010101000
1010101011
1000020000
1111111011
1000000000
1111111111
10
1111111111
3001000101
1101010101
0000010001
1111010101
0100010101
0111011111
0101010101
0101010101
0020000001
15
111111111111111
010031000001000
010111111101011
000001010000210
110111010101010
000000000101000
111101010101011
000101010101000
110101110111111
000001000000000
010101110111110
010100010100000
110111111101010
000000010001010
111111111111111
20
10101000001000100000
10101111101110101111
10001000001000100010
10101110101110101110
10131010100000001010
10111011101011101010
10101010001010000000
10101011101011101111
10001000001010100000
10111111111110111011
10001000000000000200
10101011101110111010
10101010001000100010
10111111111111111011
10000000000000000000
10111011111010111011
10101010001010100000
10101011101011101010
10100000100010001010
11111111111111111111
50
11111111111111111111111111111111111111111111111111
10000000100000000000100010100010000010001000101010
11101110111111101110111010111011111010111110101010
13001000100000101010001000101010001000101000000000
11111110111110111011101011101011101011101011101111
10000010100000101000100010100010101000001010000000
10101010111110101110101110101110101011111111101111
10101000101010000000001000000010100000100010100000
11111110101010111111101111111010101111101110101111
10000000000000100000000010100000000000100000000010
11111111111110111111111010101110111111101111111110
10000010000000100000101010101000100010000000000010
11111011101111101110101010111110101110111110111110
10100010001000000010000010100000000010001000001000
10111011101110101111111010111111101110111110111011
10100010000010101010101010001000000000101010100000
10111011111111111010101010111111111011101011111011
10101000001000000000000010001010000000001000001000
10101011101111101111111010111011111011101011101010
10100010001000001000001000101000100000101000100010
10111111101111111111101110101011111011111011111111
10001000000000100000000010000000001000000000001000
10111111111110111111111010111011111010111110101110
10000010000000101000100000100000100010101010101000
11101011111110101110111011111110101111101011111110
10001010100010100010101010100000101010001010101000
11111010111010111010101110111110101010111010101110
10000000101010100000001010001000100000101010001000
11111110101010111110111010111110101011101010111110
10100000000000101010001010101010001000100000000000
10111011111011101010111010101010111111111010111010
10000010100000000000101010001010101010000010100010
11111010111110111110101011101010101010111011111010
10000010000010001000000010100000000200001000001010
11111111111011111111111010101011101110111111111111
10000010000000101000000000001000101000000010100010
11111010101011101110111010101111111011111110101010
10100000101000000000001010100010000000000000001010
10111110101111101010111110101010101111101111101110
10000000101000001010100000101010100010001010000000
10111011101010101111111111101011111111101011101111
10101000101010100000101000001000100000000000100000
11101111111110111110101110111010101111101010111011
10100010100000000010100000001010101000001010100000
10101010111110111110111010101110101010101011111010
10101000101000001000100010100010101010101000100010
10111011101010111010101110111111101111101110101011
10000000000010001010100010000010001010001000101000
11101010111010111010101110101111101010111110101011
10001010001010001010101000100000100010001000101000
100
1111111111111111111111111111111111111111111111111111111111111111111111111111111111111111111111111111
0001003100010000010000000100000001010001010100000100000000010100010001010000010000000000010000000101
1101011111011101111111110111110111010111010101111111110111110101110111011111010111011111111111011101
0101000000000101000101010101010000010001000001000101000100010001000001000101000101000101010101000101
0101111111110101011101010101011101110111011101011101011101111101110111011101111101011101010101011101
0000000001000100000001000000010001010001000101010101000000000101010100010000010000000001010101010001
1111110111110111111101111111011101011101111101010101010111111101010101110111111111110111010101011101
0100010001000001010000000000000000010100010000010000010001000100000000010001000100000101000001000001
0111010101111101011111110101011101110101111101110111011111110111010111110111110101110101111101111101
0000010100010000010001000101010101010101000001010101000001010001010100010100010001000000000100010001
0111011111010101010111110111110101010101111101010101111101011101110111010101110101110111110111010111
0101000000000101000100010100000001010001010000000100010100010000000000010101010101010100010001010001
1101110111111111110111011111110101011101010101011101110111111111011101110101011111011101010101010111
0001000101000101000000010100000100000000000101000100010101000001000101000001000101000101010101000001
1101111101011101110101010111111111111101111111111111010101110111111101011111011101011111010111010111
0101000101000000010101000000000000010000000101000100000001010100010101010001010100000100010000010001
0101110101011111011111110111110111011101111101110111011111010101110101011101010101111111011101011111
0100000000010001000000000101000100000100010100010000000101000001010000010100010000000101010101010101
0111110111111101111101011101110111110101110111011111011101111101011101110101111101111101010101110101
0001010101000101000001010000000100000000000101000000010001010001000101010100000100000101000100010101
1101010101010101111111011101010111011101111101111101110111011101011101010111011101111101011111010101
0000010101010000010000010001010100010001010100000001010100000000000100000001000101010001010001010001
1111011101111101111111010111111111111101010111011111010111111111011111011111011101011101010111010111
0000000101010000000101010100000001010100000101000000010001010001010001000100010100010001000001000101
1111110101011101010101111111011101010101010101010111110111011101011101011111010101110111011101110101
0100000000000001010000000000010100000001010001010101010001000101000001010100010100000001010100000001
0101111101010111111111110111110101011101111101011101011101110101011101010111010111011111110101111111
0101010001010100010100010100010101000101000001000100000100010001010000000001010000010001000100010001
0111010101111111010101111101110101010111111101011111011111010111111111011111010111011101110101110111
0101000100010101000000010001000101010100000100010001000101000001010100010100000001010101010001010001
0101111111110101110111011101011111111111110101010111110101011111010101010111010111110101010111010111
0000000100000001000100010100000000000001010001010000010000000100000101000101010000010000010001000001
1111110111011101111111010101111101111101010111011101111101111111110111011101110111111111010111011111
0001000101010100000001010101000001000100000101000101000000010001000101010101000100010001010001000001
1101110101110101011101010111111111110111111101011101111101111101110101010101011101110111010111011111
0101010001000101010101000000000000010100010100000000000000010001010001000000010000010101000100000101
0101011101110101110101111111110111110111010101010101011101110111010101010111011101110101110101011101
0000000001010001000000000000000000000000010001010101010000000001010100010100000100000000010101000001
1111010101011111111101110111111111011101111111011101110101111111011101010111011101111101110111011101
0001010100010000010001010100000001010100000100010101000101000100000101010101000101010000000001000101
1101010101011101111101011111111101010111010111110101111101110111011111111101011111011101111111011111
0000010101000001000001000100000001010101010101000001000000010001010001000101010001010000010000000101
1111110111011101111101110101111101010101110101110111011111010111010111011101011101011101110111111101
0000010101010000010001010101000001010100000000000001010100000000010001000001000000010100000100000001
1111011101111111011111010111011101110111110111111111110111110111010111111101111101110101111101111101
0100010101000101000000000001010100000000000100000101000000000101000101000101010001010000010101010101
0111010101110101011101110111110101111101010111010101111101010101110101110101011101011101110101010101
0101000001010000010100010100010001000101010100010000000001010100000000000000000100000000010100010101
0101111101010101010111011101111111110101010111111101110101111111111101111111110111110111110101110111
0100000000000101010000000001000100000101010101000000010101010000000001000000000000000001010100010101
0111111111010111110101010111110111110111111101110111110111011111111101011111111111110111010101110101
0001000001010100000101010100010001000000000000000100000101000000010001010000010001010100000100000001
1101111101111111111111110101111101111111011111111111111101011111011111111111011101010111011101111101
0000010001010001010101010001000001010000000101000001000000010101010000010000010101010000000000010101
1101111101011101010101011101111101011111011101111101111111110101011111011111010101011111011111110111
0000010001010101010001000000000100010100010000000100010001000001000100000100000001010001010000010001
0111011101010101011101110111110111010111111101110101111101011111011111011111111101011101011101110111
0101010001000101000001000100000101010101010001000101010000000001000100000101000100010001000101010001
1101011101010101111101111101110101010101011111110101011111011101110111010101110101110111011101011101
0000000000010100010100000001000001010000000101010000010000010000000000010000010000000101010001000101
1111011101011111010111110111110101010111111101010101011111011101111101111111011101111101011101011101
0100010001000100000001000100000100000100000001010101010101010001000101000000000000000000010001010101
0111111111110111010111110111111111011101111111011111010101111101110111011111110111011111111101010101
0000010100010001010000000100000100010100000100000101000100000101010001010000000100000101010101000001
1101010101111101110101111111011111010101111111110101010111110111011101111101111111110101010101110111
0101000101010001000100010100000101000001000101010100010001000001010000010100000101010100000100000001
0111110101011101110101110111011101111101011101010111111101110111011111010101111101010111010111110111
0000000000000000000101000001000000000001010001010000000000000001010000000001010100000000010101000001
1101011101011111111111111101111101111101011101011111110101110111011111010111010101011111011101110111
0101010101010001000101010000010101010100010101010100010101010000010000010101000001010000010000010001
0111110111111101110101011101110111010101010101010111011111010111011111011101110101111111011111010111
0101000000000000000000000000000000000001000100010100000100010101000100010000000101000001000000000001
0101111111011101111101111111111111111101110111010111110111011101011111111101011111110101110111011111
0100000000010101000001000001000000010101010000000100000101000101010100010001010000000100010101000001
0101111111110101010101111101110111110111011111110111110101110101010111010101011111111111011101011111
0001000000010101010101000001000101000000000000000000010101000000000100010101010000000000000000010101
0101111111010101011101110101010101111111111101111111010101111111010101111111111111011101110111010101
0100010001010101010100010101010001000001010001000000000001000001010001010001000001010101010101010001
0101111101010111110101111101110111111101011111111101111101011101010101010101111101110111011101010101
0101000101010000010101010000010101000100000101010101000000010101010100010100000100010101000100000101
0111110101010111010111011111010101011111110101010111110111010101111111011111110101010101110111110111
0001000000000001000000010000000000010100000000000001000001010100010000000001000101010001010000000001
1101111101010111111111010101111101110111111111111101111111110101011101010101011111011101011111010101
0001010001010001010100000101000000000000000000000001010101000001000001010100000100000001000000012101
0101011101110111010101110101010101011111110111111101010101011101011111111111110111010101111111110111
0101010100010101000000010101010101010000000100010001010100010001010000000000000000010101000000000001
1101010101111101110101110101011101111101110111011101010111110111111101111101110101111101011111010111
0101000001000000000101010101010001000001000101000000000001000101010001000101000101000100000100010001
0111110111111111111111011111111111110101111101110111111101111101010111110111110101110101011101011101
0100000100000000000000000000000000000101010000000100010001000101000001000000000100010001010001000101
0111010101111101011111111111111111011111011101111101111101110101111111011111110101110111011101010111
0000010101010001010000000000000000000100000101000000000001010001010100010000000101000001010001010001
0111111101011111111111010101010111010111110111110111011101010101010111111111010101010101111111011101
0100000001000000000000010101010100010100010000000100010000000100000000000000010101010101000000000101
1101110101111111110111011101010111010111011111110101111111111111011101110101111111110101110101010101
0001000101000001000100010001010100010100000000000101000001010000010000010101000000000100010101010101
1111010111111101010111011101011111111101111111110111111101011111010101110101111101110111010101010101
0000010101000000010100010001000101000000010000000001000000000000010100010100010001000100010101010101
0101111101110101110101111101011101011111010101110111111101010111111101110101111101010101110101110111
0101000000000100010100000101000100010000010101000001000001010001000001000100000101010101000101000001
