10
3 5
7 2 6 5 3
5 10
5 9 3 9 9 2 5 8 7 1
5 10
20 4 5 7 3 15 2 1 2 2
5 10
1 4 3 1 4 10 18 2 4 15
5 15
1 9 17 1 15 2 15 17 18 5 15 16 12 11 7
8 20
19 17 12 1 12 5 18 6 19 20 12 17 16 2 1 15 9 4 19 4
10 25
18 12 3 18 11 17 7 15 2 17 9 1 9 3 18 13 18 2 3 5 18 11 2 3 3
15 50
20 20 1 18 10 18 11 3 13 10 13 17 9 7 2 9 15 16 17 3 20 16 1 20 13 2 8 10 4 19 8 20 5 8 10 1 16 18 6 4 19 3 15 9 19 3 6 14 12 3
12 70
5 2 1 16 2 18 20 15 17 19 9 8 14 7 17 16 18 19 2 12 17 9 5 19 13 1 15 7 1 17 12 2 19 5 13 2 6 12 12 7 3 1 1 4 19 8 15 1 5 9 3 3 13 17 16 20 20 18 8 13 9 6 10 10 1 11 9 17 14 9
13 100
12 9 13 15 10 3 9 3 15 17 4 17 16 7 20 9 16 20 12 16 3 19 8 4 19 1 14 7 5 9 15 3 5 17 9 18 17 2 2 11 19 15 5 19 8 9 3 14 20 7 5 7 4 4 5 17 19 6 2 18 8 10 15 8 14 19 14 6 9 8 9 10 20 8 1 17 8 8 15 10 8 8 20 6 10 13 15 7 5 18 16 20 6 13 20 8 20 8 20 19
