10
5 3 2
4 1
5 2
3 3
10 5 2
8 42
9 468
10 335
6 501
7 170
17 9 4
16 479
17 359
9 963
10 465
11 706
12 146
13 282
14 828
15 962
33 17 3
32 996
33 943
17 828
18 437
19 392
20 605
21 903
22 154
23 293
24 383
25 422
26 717
27 719
28 896
29 448
30 727
31 772
55 28 13
32 870
33 913
34 668
35 300
36 36
37 895
38 704
39 812
40 323
41 334
42 674
43 665
44 142
45 712
46 254
47 869
48 548
49 645
50 663
51 758
52 38
53 860
54 724
55 742
28 530
29 779
30 317
31 36
101 51 21
64 843
65 289
66 107
67 41
68 943
69 265
70 649
71 447
72 806
73 891
74 730
75 371
76 351
77 7
78 102
79 394
80 549
81 630
82 624
83 85
84 955
85 757
86 841
87 967
88 377
89 932
90 309
91 945
92 440
93 627
94 324
95 538
96 539
97 119
98 83
99 930
100 542
101 834
51 116
52 640
53 659
54 705
55 931
56 978
57 307
58 674
59 387
60 22
61 746
62 925
63 73
199 100 33
128 830
129 778
130 574
131 98
132 513
133 987
134 291
135 162
136 637
137 356
138 768
139 656
140 575
141 32
142 53
143 351
144 151
145 942
146 725
147 967
148 431
149 108
150 192
151 8
152 338
153 458
154 288
155 754
156 384
157 946
158 910
159 210
160 759
161 222
162 589
163 423
164 947
165 507
166 31
167 414
168 169
169 901
170 592
171 763
172 656
173 411
174 360
175 625
176 538
177 549
178 484
179 596
180 42
181 603
182 351
183 292
184 837
185 375
186 21
187 597
188 22
189 349
190 200
191 669
192 485
193 282
194 735
195 54
196 1000
197 419
198 939
199 901
100 789
101 128
102 468
103 729
104 894
105 649
106 484
107 808
108 422
109 311
110 618
111 814
112 515
113 310
114 617
115 936
116 452
117 601
118 250
119 520
120 557
121 799
122 304
123 225
124 9
125 845
126 610
127 990
223 112 93
128 196
129 486
130 94
131 344
132 524
133 588
134 315
135 504
136 449
137 201
138 459
139 619
140 581
141 797
142 799
143 282
144 590
145 799
146 10
147 158
148 473
149 623
150 539
151 293
152 39
153 180
154 191
155 658
156 959
157 192
158 816
159 889
160 157
161 512
162 203
163 635
164 273
165 56
166 329
167 647
168 363
169 887
170 876
171 434
172 870
173 143
174 845
175 417
176 882
177 999
178 323
179 652
180 22
181 700
182 558
183 477
184 893
185 390
186 76
187 713
188 601
189 511
190 4
191 870
192 862
193 689
194 402
195 790
196 256
197 424
198 3
199 586
200 183
201 286
202 89
203 427
204 618
205 758
206 833
207 933
208 170
209 155
210 722
211 190
212 977
213 330
214 369
215 693
216 426
217 556
218 435
219 550
220 442
221 513
222 146
223 61
112 719
113 754
114 140
115 424
116 280
117 997
118 688
119 530
120 550
121 438
122 867
123 950
124 194
125 196
126 298
127 417
421 211 181
256 106
257 489
258 283
259 456
260 735
261 115
262 702
263 317
264 672
265 787
266 264
267 314
268 356
269 186
270 54
271 913
272 809
273 833
274 946
275 314
276 757
277 322
278 559
279 647
280 983
281 482
282 145
283 197
284 223
285 130
286 162
287 536
288 451
289 174
290 467
291 45
292 660
293 293
294 440
295 254
296 25
297 155
298 511
299 746
300 650
301 187
302 314
303 475
304 23
305 169
306 19
307 788
308 906
309 959
310 392
311 203
312 626
313 478
314 415
315 315
316 825
317 335
318 875
319 373
320 160
321 834
322 71
323 488
324 298
325 519
326 178
327 774
328 271
329 764
330 669
331 193
332 986
333 103
334 481
335 214
336 628
337 803
338 100
339 528
340 626
341 544
342 925
343 24
344 973
345 62
346 182
347 4
348 433
349 506
350 594
351 726
352 32
353 493
354 143
355 223
356 287
357 65
358 901
359 188
360 361
361 414
362 975
363 271
364 171
365 236
366 834
367 712
368 761
369 897
370 668
371 286
372 551
373 141
374 695
375 696
376 625
377 20
378 126
379 577
380 695
381 659
382 303
383 372
384 467
385 679
386 594
387 852
388 485
389 19
390 465
391 120
392 153
393 801
394 88
395 61
396 927
397 11
398 758
399 171
400 316
401 577
402 228
403 44
404 759
405 165
406 110
407 883
408 87
409 566
410 488
411 578
412 475
413 626
414 628
415 630
416 929
417 424
418 521
419 903
420 963
421 124
211 597
212 738
213 262
214 196
215 526
216 265
217 261
218 203
219 117
220 31
221 327
222 12
223 772
224 412
225 548
226 154
227 521
228 791
229 925
230 189
231 764
232 941
233 852
234 663
235 830
236 901
237 714
238 959
239 579
240 366
241 8
242 478
243 201
244 59
245 440
246 304
247 761
248 358
249 325
250 478
251 109
252 114
253 888
254 802
255 851
500 250 139
256 429
257 994
258 385
259 406
260 541
261 112
262 705
263 836
264 357
265 73
266 351
267 824
268 486
269 557
270 217
271 627
272 358
273 527
274 358
275 338
276 272
277 870
278 362
279 897
280 23
281 618
282 113
283 718
284 697
285 586
286 42
287 424
288 130
289 230
290 566
291 560
292 933
293 297
294 856
295 54
296 963
297 585
298 735
299 655
300 973
301 458
302 370
303 533
304 964
305 608
306 484
307 912
308 636
309 68
310 849
311 676
312 939
313 224
314 143
315 755
316 512
317 742
318 176
319 460
320 826
321 222
322 871
323 627
324 935
325 206
326 784
327 851
328 399
329 280
330 702
331 194
332 735
333 638
334 535
335 557
336 994
337 177
338 706
339 963
340 549
341 882
342 301
343 414
344 642
345 856
346 856
347 143
348 463
349 612
350 878
351 425
352 679
353 753
354 444
355 297
356 674
357 41
358 314
359 876
360 73
361 819
362 611
363 18
364 933
365 113
366 696
367 170
368 832
369 41
370 489
371 686
372 91
373 498
374 590
375 991
376 146
377 354
378 315
379 652
380 741
381 45
382 259
383 336
384 760
385 193
386 606
387 265
388 182
389 504
390 830
391 776
392 609
393 293
394 998
395 550
396 557
397 562
398 628
399 468
400 542
401 130
402 241
403 814
404 175
405 602
406 78
407 216
408 684
409 214
410 993
411 825
412 602
413 393
414 760
415 671
416 429
417 28
418 85
419 76
420 787
421 499
422 971
423 288
424 848
425 605
426 504
427 222
428 664
429 707
430 364
431 11
432 172
433 490
434 241
435 165
436 543
437 620
438 914
439 592
440 705
441 819
442 233
443 751
444 206
445 976
446 540
447 304
448 423
449 99
450 248
451 585
452 649
453 972
454 865
455 914
456 76
457 546
458 713
459 547
460 679
461 770
462 263
463 520
464 986
465 290
466 945
467 866
468 541
469 246
470 509
471 319
472 871
473 602
474 324
475 133
476 473
477 153
478 88
479 571
480 764
481 902
482 104
483 424
484 528
485 601
486 970
487 16
488 566
489 29
490 544
491 348
492 89
493 944
494 638
495 410
496 464
497 50
498 682
499 589
500 343
251 609
252 61
253 222
254 759
255 955